0.000     0.000
0.006     0.000
0.012     0.000
0.017     0.000
0.023     0.000
0.029     0.000
0.035     0.000
0.041     0.000
0.046     0.000
0.052     0.000
0.058     115.251
0.064     127.014
0.070     130.243
0.075     125.008
0.081     125.107
0.087     128.999
0.093     131.896
0.099     134.772
0.104     137.128
0.110     140.880
0.116     146.643
0.122     151.285
0.128     156.106
0.134     161.153
0.139     166.162
0.145     170.319
0.151     173.577
0.157     176.483
0.163     179.542
0.168     182.807
0.174     186.267
0.180     189.746
0.186     193.168
0.192     196.477
0.197     200.333
0.203     203.848
0.209     208.646
0.215     213.290
0.221     217.115
0.226     220.385
0.232     223.200
0.238     225.681
0.244     228.263
0.250     230.897
0.255     233.189
0.261     235.090
0.267     236.964
0.273     239.001
0.279     240.857
0.284     242.216
0.290     243.168
0.296     244.032
0.302     244.990
0.308     246.057
0.313     247.190
0.319     248.211
0.325     248.941
0.331     249.260
0.337     249.228
0.342     249.078
0.348     248.963
0.354     248.930
0.360     249.009
0.366     249.123
0.372     249.177
0.377     249.233
0.383     249.375
0.389     249.632
0.395     249.948
0.401     250.232
0.406     250.453
0.412     250.640
0.418     250.809
0.424     251.015
0.430     251.336
0.435     251.782
0.441     252.393
0.447     253.218
0.453     254.324
0.459     255.688
0.464     257.176
0.470     258.482
0.476     259.409
0.482     259.838
0.488     259.762
0.493     259.266
0.499     258.626
0.505     258.117
0.511     257.854
0.517     257.754
0.522     257.749
0.528     257.807
0.534     257.907
0.540     257.947
0.546     257.847
0.551     257.621
0.557     257.413
0.563     257.315
0.569     257.319
0.575     257.349
0.580     257.392
0.586     257.474
0.592     257.650
0.598     257.946
0.604     258.345
0.610     258.794
0.615     259.242
0.621     259.558
0.627     259.672
0.633     259.584
0.639     259.355
0.644     259.115
0.650     258.961
0.656     258.882
0.662     258.818
0.668     258.741
0.673     258.711
0.679     258.831
0.685     259.141
0.691     259.575
0.697     260.030
0.702     260.332
0.708     260.348
0.714     260.039
0.720     259.480
0.726     258.896
0.731     258.472
0.737     258.279
0.743     258.275
0.749     258.363
0.755     258.510
0.760     258.768
0.766     259.199
0.772     259.780
0.778     260.478
0.784     261.120
0.789     261.640
0.795     261.934
0.801     261.974
0.807     261.844
0.813     261.674
0.819     261.610
0.824     261.654
0.830     261.613
0.836     261.278
0.842     260.559
0.848     259.573
0.853     258.636
0.859     257.972
0.865     257.608
0.871     257.503
0.877     257.451
0.882     257.249
0.888     256.887
0.894     256.572
0.900     256.544
0.906     256.750
0.911     256.895
0.917     256.605
0.923     255.565
0.929     253.280
0.935     249.617
0.940     243.545
0.946     240.825
0.952     234.988
0.958     0.000
0.964     0.000
0.969     0.000
0.975     0.000
0.981     0.000
0.987     0.000
0.993     0.000
0.998     0.000
1.004     0.000
1.010     0.000
1.016     0.000
1.022     0.000
1.027     0.000
1.033     0.000
1.039     0.000
1.045     0.000
1.051     0.000
1.057     0.000
1.062     0.000
1.068     0.000
1.074     0.000
1.080     0.000
1.086     0.000
1.091     0.000
1.097     0.000
1.103     0.000
1.109     0.000
1.115     0.000
1.120     0.000
1.126     0.000
1.132     0.000
1.138     0.000
1.144     245.513
1.149     240.437
1.155     232.831
1.161     232.988
1.167     233.432
1.173     232.851
1.178     231.905
1.184     230.899
1.190     229.474
1.196     228.303
1.202     229.858
1.207     231.216
1.213     233.363
1.219     235.748
1.225     237.808
1.231     239.542
1.236     240.916
1.242     242.230
1.248     243.446
1.254     244.661
1.260     245.977
1.265     247.294
1.271     248.470
1.277     249.416
1.283     250.090
1.289     250.657
1.295     251.301
1.300     252.237
1.306     253.547
1.312     255.102
1.318     256.362
1.324     257.144
1.329     257.611
1.335     257.891
1.341     258.053
1.347     258.012
1.353     257.673
1.358     257.124
1.364     256.592
1.370     256.252
1.376     256.185
1.382     256.331
1.387     256.534
1.393     256.667
1.399     256.625
1.405     256.406
1.411     256.185
1.416     256.200
1.422     256.563
1.428     257.197
1.434     257.872
1.440     258.451
1.445     258.848
1.451     259.024
1.457     258.980
1.463     258.843
1.469     258.797
1.474     258.895
1.480     259.041
1.486     259.135
1.492     259.109
1.498     258.969
1.503     258.720
1.509     258.387
1.515     258.020
1.521     257.668
1.527     257.387
1.533     257.180
1.538     257.050
1.544     257.008
1.550     257.016
1.556     256.986
1.562     256.883
1.567     256.751
1.573     256.656
1.579     256.670
1.585     256.791
1.591     256.993
1.596     257.222
1.602     257.447
1.608     257.607
1.614     257.630
1.620     257.430
1.625     257.023
1.631     256.527
1.637     256.101
1.643     255.842
1.649     255.784
1.654     255.915
1.660     256.232
1.666     256.693
1.672     257.274
1.678     257.937
1.683     258.644
1.689     259.343
1.695     259.875
1.701     260.121
1.707     260.098
1.712     259.831
1.718     259.385
1.724     258.900
1.730     258.576
1.736     258.523
1.741     258.667
1.747     258.829
1.753     258.900
1.759     258.896
1.765     258.927
1.771     259.071
1.776     259.308
1.782     259.520
1.788     259.559
1.794     259.344
1.800     258.893
1.805     258.338
1.811     257.935
1.817     257.908
1.823     258.352
1.829     259.203
1.834     260.209
1.840     260.950
1.846     261.323
1.852     261.292
1.858     260.918
1.863     260.325
1.869     259.688
1.875     259.241
1.881     259.143
1.887     259.345
1.892     259.689
1.898     259.948
1.904     260.050
1.910     260.028
1.916     259.905
1.921     259.650
1.927     259.211
1.933     258.567
1.939     257.762
1.945     256.879
1.950     256.097
1.956     255.662
1.962     255.680
1.968     256.119
1.974     256.853
1.980     257.694
1.985     258.698
1.991     259.916
1.997     261.157
2.003     262.148
2.009     262.753
2.014     262.995
2.020     263.017
2.026     262.978
2.032     262.972
2.038     263.074
2.043     263.306
2.049     263.635
2.055     263.831
2.061     263.540
2.067     262.491
2.072     260.468
2.078     257.139
2.084     254.506
2.090     252.386
2.096     250.805
2.101     249.588
2.107     248.676
2.113     248.052
2.119     247.763
2.125     247.100
2.130     246.544
2.136     245.085
2.142     244.765
2.148     243.309
2.154     242.139
2.159     242.931
2.165     248.336
2.171     255.345
2.177     257.215
2.183     253.643
2.188     253.692
2.194     0.000
2.200     0.000
2.206     0.000
2.212     0.000
2.218     0.000
2.223     0.000
2.229     0.000
2.235     0.000
2.241     0.000
2.247     0.000
2.252     0.000
2.258     0.000
2.264     0.000
2.270     0.000
2.276     0.000
2.281     0.000
2.287     0.000
2.293     0.000
2.299     0.000
2.305     0.000
2.310     0.000
2.316     0.000
2.322     0.000
2.328     0.000
2.334     0.000
2.339     0.000
2.345     0.000
2.351     0.000
2.357     0.000
2.363     0.000
2.368     0.000
2.374     0.000
2.380     0.000
2.386     0.000
2.392     0.000
2.397     0.000
2.403     0.000
2.409     0.000
2.415     0.000
2.421     0.000
2.426     0.000
2.432     0.000
2.438     0.000
2.444     0.000
2.450     0.000
2.456     0.000
2.461     0.000
2.467     0.000
2.473     0.000
2.479     0.000
2.485     0.000
2.490     131.299
2.496     139.984
2.502     114.721
2.508     113.124
2.514     121.294
2.519     124.985
2.525     126.957
2.531     131.543
2.537     135.127
2.543     139.531
2.548     142.667
2.554     146.553
2.560     150.522
2.566     154.464
2.572     159.331
2.577     162.234
2.583     172.141
2.589     180.872
2.595     184.658
2.601     190.895
2.606     195.694
2.612     203.174
2.618     208.222
2.624     214.113
2.630     219.824
2.635     225.183
2.641     231.661
2.647     237.347
2.653     242.129
2.659     246.771
2.664     250.298
2.670     253.445
2.676     256.170
2.682     258.645
2.688     260.681
2.694     262.253
2.699     263.402
2.705     264.125
2.711     264.552
2.717     264.809
2.723     265.025
2.728     265.297
2.734     265.599
2.740     265.863
2.746     266.050
2.752     266.134
2.757     266.136
2.763     266.103
2.769     266.059
2.775     266.044
2.781     266.112
2.786     266.298
2.792     266.527
2.798     266.695
2.804     266.798
2.810     266.941
2.815     267.313
2.821     268.035
2.827     269.077
2.833     270.282
2.839     271.327
2.844     271.883
2.850     271.920
2.856     271.496
2.862     270.836
2.868     270.220
2.873     269.817
2.879     269.659
2.885     269.718
2.891     269.977
2.897     270.422
2.902     270.989
2.908     271.520
2.914     272.023
2.920     272.591
2.926     273.308
2.932     274.069
2.937     274.601
2.943     274.749
2.949     274.505
2.955     273.920
2.961     272.952
2.966     271.391
2.972     268.494
2.978     262.518
2.984     254.782
2.990     248.640
2.995     237.694
3.001     238.384
3.007     227.295
3.013     211.074
3.019     207.693
3.024     203.503
3.030     197.992
3.036     191.886
3.042     186.459
3.048     182.047
3.053     177.341
3.059     172.957
3.065     169.801
3.071     166.445
3.077     164.768
3.082     164.405
3.088     165.031
3.094     167.009
3.100     169.755
3.106     173.992
3.111     179.544
3.117     184.686
3.123     188.517
3.129     191.124
3.135     193.016
3.140     194.428
3.146     195.520
3.152     196.284
3.158     196.698
3.164     196.856
3.170     196.998
3.175     197.345
3.181     197.904
3.187     198.448
3.193     198.765
3.199     198.915
3.204     199.093
3.210     199.412
3.216     199.823
3.222     200.151
3.228     200.255
3.233     200.186
3.239     200.140
3.245     200.311
3.251     200.728
3.257     201.244
3.262     201.661
3.268     201.919
3.274     202.077
3.280     202.173
3.286     202.204
3.291     202.170
3.297     202.120
3.303     202.113
3.309     202.149
3.315     202.189
3.320     202.263
3.326     202.402
3.332     202.573
3.338     202.705
3.344     202.795
3.349     202.889
3.355     203.000
3.361     203.081
3.367     203.090
3.373     203.058
3.379     203.052
3.384     203.155
3.390     203.408
3.396     203.757
3.402     204.121
3.408     204.462
3.413     204.796
3.419     205.144
3.425     205.434
3.431     205.631
3.437     205.795
3.442     205.971
3.448     206.147
3.454     206.258
3.460     206.283
3.466     206.261
3.471     206.231
3.477     206.175
3.483     206.080
3.489     205.984
3.495     205.923
3.500     205.894
3.506     205.847
3.512     205.761
3.518     205.682
3.524     205.641
3.529     205.649
3.535     205.719
3.541     205.847
3.547     206.037
3.553     206.269
3.558     206.510
3.564     206.690
3.570     206.659
3.576     206.324
3.582     205.718
3.587     204.993
3.593     204.252
3.599     203.455
3.605     202.653
3.611     201.990
3.617     201.544
3.622     201.345
3.628     201.304
3.634     201.461
3.640     201.975
3.646     202.952
3.651     204.281
3.657     205.734
3.663     207.180
3.669     208.644
3.675     210.355
3.680     212.304
3.686     214.171
3.692     215.613
3.698     216.690
3.704     217.404
3.709     217.563
3.715     216.905
3.721     215.295
3.727     212.415
3.733     208.387
3.738     203.823
3.744     199.164
3.750     194.302
3.756     189.474
3.762     186.204
3.767     183.972
3.773     182.911
3.779     183.068
3.785     184.640
3.791     187.621
3.796     191.695
3.802     195.779
3.808     201.173
3.814     207.019
3.820     213.735
3.825     220.330
3.831     226.451
3.837     234.091
3.843     238.289
3.849     239.430
3.855     237.925
3.860     233.783
3.866     227.677
3.872     221.051
3.878     215.264
3.884     210.295
3.889     205.581
3.895     200.869
3.901     196.443
3.907     192.962
3.913     191.362
3.918     191.470
3.924     192.771
3.930     194.410
3.936     195.897
3.942     197.234
3.947     198.713
3.953     199.937
3.959     200.434
3.965     200.407
3.971     200.441
3.976     200.622
3.982     200.319
3.988     198.802
3.994     196.037
4.000     192.726
4.005     189.066
4.011     185.508
4.017     182.588
4.023     179.550
4.029     175.504
